[continents]
1 5 blue
2 5 blue
3 5 blue
4 5 blue
5 5 blue
6 5 blue
7 5 blue
8 5 blue
9 5 blue
10 5 blue
11 5 blue
12 5 blue
13 5 blue
14 5 blue
15 5 blue
16 5 blue
17 5 blue
18 5 blue

[countries]
1 null 1 100 100
2 null 1 100 100
3 null 1 100 100
4 null 1 100 100
5 null 1 100 100
6 null 1 100 100
7 null 1 100 100
8 null 1 100 100
9 null 1 100 100
10 null 2 100 100
11 null 2 100 100
12 null 2 100 100
13 null 2 100 100
14 null 2 100 100
15 null 2 100 100
16 null 2 100 100
17 null 2 100 100
18 null 2 100 100
19 null 2 100 100
20 null 2 100 100
21 null 2 100 100
22 null 3 100 100
23 null 3 100 100
24 null 3 100 100
25 null 3 100 100
26 null 3 100 100
27 null 3 100 100
28 null 3 100 100
29 null 3 100 100
30 null 3 100 100
31 null 3 100 100
32 null 3 100 100
33 null 3 100 100
34 null 3 100 100
35 null 3 100 100
36 null 3 100 100
37 null 3 100 100
38 null 3 100 100
39 null 4 100 100
40 null 4 100 100
41 null 4 100 100
42 null 4 100 100
43 null 5 100 100
44 null 5 100 100
45 null 5 100 100
46 null 5 100 100
47 null 5 100 100
48 null 5 100 100
49 null 5 100 100
50 null 5 100 100
51 null 5 100 100
52 null 5 100 100
53 null 5 100 100
54 null 5 100 100
55 null 5 100 100
56 null 5 100 100
57 null 5 100 100
58 null 5 100 100
59 null 6 100 100
60 null 6 100 100
61 null 6 100 100
62 null 6 100 100
63 null 7 100 100
64 null 7 100 100
65 null 7 100 100
66 null 7 100 100
67 null 7 100 100
68 null 7 100 100
69 null 7 100 100
70 null 7 100 100
71 null 7 100 100
72 null 7 100 100
73 null 8 100 100
74 null 8 100 100
75 null 8 100 100
76 null 8 100 100
77 null 8 100 100
78 null 8 100 100
79 null 8 100 100
80 null 8 100 100
81 null 8 100 100
82 null 8 100 100
83 null 8 100 100
84 null 9 100 100
85 null 9 100 100
86 null 9 100 100
87 null 9 100 100
88 null 9 100 100
89 null 9 100 100
90 null 9 100 100
91 null 9 100 100
92 null 9 100 100
93 null 9 100 100
94 null 9 100 100
95 null 9 100 100
96 null 9 100 100
97 null 10 100 100
98 null 10 100 100
99 null 10 100 100
100 null 10 100 100
101 null 10 100 100
102 null 10 100 100
103 null 10 100 100
104 null 10 100 100
105 null 10 100 100
106 null 10 100 100
107 null 10 100 100
108 null 10 100 100
109 null 11 100 100
110 null 11 100 100
111 null 11 100 100
112 null 11 100 100
113 null 11 100 100
114 null 11 100 100
115 null 11 100 100
116 null 11 100 100
117 null 11 100 100
118 null 11 100 100
119 null 11 100 100
120 null 11 100 100
121 null 11 100 100
122 null 11 100 100
123 null 11 100 100
124 null 11 100 100
125 null 11 100 100
126 null 11 100 100
127 null 12 100 100
128 null 12 100 100
129 null 12 100 100
130 null 12 100 100
131 null 12 100 100
132 null 12 100 100
133 null 12 100 100
134 null 12 100 100
135 null 13 100 100
136 null 13 100 100
137 null 13 100 100
138 null 13 100 100
139 null 13 100 100
140 null 13 100 100
141 null 13 100 100
142 null 13 100 100
143 null 13 100 100
144 null 13 100 100
145 null 14 100 100
146 null 14 100 100
147 null 14 100 100
148 null 14 100 100
149 null 15 100 100
150 null 15 100 100
151 null 15 100 100
152 null 15 100 100
153 null 15 100 100
154 null 15 100 100
155 null 15 100 100
156 null 15 100 100
157 null 15 100 100
158 null 15 100 100
159 null 15 100 100
160 null 15 100 100
161 null 15 100 100
162 null 15 100 100
163 null 15 100 100
164 null 15 100 100
165 null 16 100 100
166 null 16 100 100
167 null 16 100 100
168 null 16 100 100
169 null 17 100 100
170 null 17 100 100
171 null 17 100 100
172 null 17 100 100
173 null 17 100 100
174 null 17 100 100
175 null 18 100 100
176 null 18 100 100
177 null 18 100 100
178 null 18 100 100
179 null 18 100 100
180 null 18 100 100

[borders]
1 10 2
2 12 1 8 3
3 2 4 6
4 3 5 165
5 4 126
6 3 138 7
7 6 8 9
8 2 7 9
9 7 8 135 127
10 11 1
11 19 10 12
12 13 11 2 15
13 14 61 12 15
14 45 16 13 15
15 16 14 13 17 12 18
16 43 44 14 15 17
17 16 18 15
18 17 21 20 19 15
19 18 20 11
20 18 21 19
21 22 55 18 20
22 23 39 21
23 27 22 39 24
24 27 23 25 28
25 24 29 56 26
26 25 29 56 57 30
27 35 39 40 23 24 28 34
28 32 27 24 29
29 32 25 28 30 26
30 32 29 31 57 26
31 180 68 32 30
32 33 31 30 29 28 34
33 37 36 34 32
34 36 33 32 35 27
35 36 42 40 34 27
36 38 37 42 35 34 33
37 38 36 33
38 63 37 36
39 40 27 23 22
40 35 41 42 39 27
41 42 40
42 36 35 41 40
43 52 16 44 51
44 43 16 45 51 50
45 44 50 14 61 62 46
46 50 45 62 47 49 48
47 46 48 62 133
48 46 47 49 133 134 169
49 57 53 50 46 48 169
50 53 44 51 45 46 49
51 53 52 43 44 50
52 55 53 51 43
53 54 52 49 50 51
54 55 57 53
55 56 21 52 54 57
56 25 26 57 55
57 30 26 56 55 58 54 49 169
58 180 57 169 170 171
59 60 127 128
60 61 59 128 62
61 45 13 62 60
62 45 46 61 60 128 47 133
63 66 64 38
64 66 65 63
65 71 68 67 66 64 69
66 67 65 64 63
67 68 65 66
68 31 69 67 65
69 180 70 71 68 65
70 179 69 71
71 70 69 65 72
72 71 73
73 72 74
74 73 76 75
75 74 76 77
76 97 74 84 75 77
77 76 75 79 78
78 77 80 79
79 77 78 80 81
80 78 83 81 79
81 80 82 83 79 84
82 81 83 91 85
83 80 81 82 91
84 76 81 85
85 82 91 84 90 89 88 86
86 85 88 87 97
87 98 86 96 88
88 85 86 87 96 95 89
89 85 88 95 94 90
90 91 85 89 93 94 92
91 82 92 90 83 85
92 91 93 145 90
93 94 90 92 145
94 89 147 93 95 90
95 105 88 89 94 96
96 105 87 88 95
97 179 98 76 86
98 99 100 87 97
99 104 100 98
100 178 101 104 99 98
101 102 103 100
102 153 155 101
103 155 156 101 104 107
104 103 100 99 105 106
105 104 106 95 96 147
106 104 107 108 105
107 157 156 103 106 108 110
108 107 110 111 106
109 166 165 124 125 126
110 164 158 157 107 108 111
111 164 108 113 110 112
112 164 113 111 114 117 118
113 148 111 114 112
114 148 113 112 117
115 148 117 116
116 117 115 123 122 121
117 112 118 114 115 116 121 119
118 142 164 112 117 119
119 141 142 118 117 120 121
120 141 121 168 119
121 117 116 120 122 168 124 119
122 116 121 125 124 123
123 116 125 122
124 168 166 109 125 122 121
125 109 124 122 123
126 5 109
127 9 59 128 135 136 129
128 60 59 62 127 129 133
129 128 133 127 136 130 132
130 129 132 131 136 137 144 161
131 132 149 150 160 161 130
132 133 134 129 131 130 149
133 48 128 47 62 129 132 134
134 48 169 170 172 173 133 149 132
135 9 127 138 137 136
136 127 129 130 135
137 130 135 138 139 143 144
138 6 135 137 139
139 137 138 140 143
140 139 167 168 141 142 143
141 140 142 168 120 119
142 140 143 141 119 118 164 163
143 137 139 140 144 142 163 162
144 130 137 143 162 161
145 93 92 146
146 145 147 148
147 105 94 146 148
148 147 146 115 114 113
149 173 134 132 131 150
150 173 131 160 151 152 149
151 150 160 152 154
152 173 150 151 153
153 152 154 155 102
154 151 153 155 160 159
155 153 102 103 156 159 154
156 155 158 157 159 103 107
157 158 110 107 156
158 163 159 157 110 156
159 155 154 160 162 163 158 156
160 131 161 150 151 154 162 159
161 131 130 144 160 162
162 143 144 161 160 159 163
163 143 142 162 164 158 159
164 142 163 118 112 111 110
165 4 166 109
166 168 167 165 124 109
167 140 168 166
168 140 141 121 120 167 166 124
169 57 58 48 49 170 134
170 58 169 134 172 171
171 58 170 174 172
172 175 170 174 173 134 171
173 172 134 149 150 152
174 175 176 171 180 172
175 177 176 174 172
176 175 174 177
177 175 176 178
178 177 100 179
179 178 97 70 180
180 179 69 31 58 174
